0 0	64
0 1	77
0 2	73
0 3	74
0 4	75
0 5	70
0 6	68
0 7	66
0 8	63
0 9	67
0 10	73
0 11	74
0 12	65
0 13	72
0 14	71
0 15	63
0 16	79
0 17	62
0 18	70
0 19	63
0 20	73
0 21	67
0 22	63
0 23	68
0 24	72
0 25	85
0 26	67
0 27	63
0 28	67
0 29	71
0 30	66
0 31	65
0 32	70
0 33	68
0 34	76
0 35	72
0 36	75
0 37	61
0 38	57
0 39	67
0 40	75
0 41	76
0 42	73
0 43	72
0 44	73
0 45	75
0 46	72
0 47	65
0 48	71
0 49	57
1 0	67
1 1	63
1 2	66
1 3	66
1 4	71
1 5	69
1 6	57
1 7	66
1 8	64
1 9	64
1 10	67
1 11	57
1 12	74
1 13	75
1 14	65
1 15	68
1 16	73
1 17	65
1 18	70
1 19	59
1 20	65
1 21	70
1 22	59
1 23	65
1 24	71
1 25	76
1 26	65
1 27	70
1 28	64
1 29	71
1 30	71
1 31	60
1 32	75
1 33	73
1 34	61
1 35	62
1 36	70
1 37	70
1 38	62
1 39	63
1 40	68
1 41	72
1 42	69
1 43	73
1 44	60
1 45	68
1 46	60
1 47	63
1 48	62
1 49	61
2 0	78
2 1	77
2 2	64
2 3	84
2 4	86
2 5	83
2 6	78
2 7	72
2 8	74
2 9	73
2 10	75
2 11	68
2 12	70
2 13	75
2 14	68
2 15	71
2 16	72
2 17	69
2 18	74
2 19	74
2 20	72
2 21	82
2 22	52
2 23	81
2 24	78
2 25	97
2 26	58
2 27	80
2 28	71
2 29	79
2 30	82
2 31	65
2 32	90
2 33	72
2 34	79
2 35	72
2 36	76
2 37	71
2 38	72
2 39	73
2 40	77
2 41	73
2 42	79
2 43	77
2 44	79
2 45	77
2 46	70
2 47	71
2 48	71
2 49	71
3 0	71
3 1	71
3 2	72
3 3	78
3 4	86
3 5	80
3 6	73
3 7	77
3 8	69
3 9	84
3 10	81
3 11	81
3 12	77
3 13	77
3 14	71
3 15	72
3 16	82
3 17	66
3 18	78
3 19	68
3 20	68
3 21	76
3 22	64
3 23	83
3 24	78
3 25	87
3 26	68
3 27	78
3 28	70
3 29	82
3 30	74
3 31	66
3 32	78
3 33	79
3 34	80
3 35	72
3 36	65
3 37	72
3 38	67
3 39	72
3 40	70
3 41	82
3 42	80
3 43	64
3 44	73
3 45	76
3 46	77
3 47	67
3 48	79
3 49	71
4 0	71
4 1	70
4 2	72
4 3	75
4 4	84
4 5	71
4 6	72
4 7	72
4 8	67
4 9	67
4 10	75
4 11	75
4 12	72
4 13	76
4 14	74
4 15	63
4 16	70
4 17	59
4 18	77
4 19	69
4 20	63
4 21	75
4 22	65
4 23	76
4 24	73
4 25	81
4 26	62
4 27	76
4 28	70
4 29	74
4 30	73
4 31	66
4 32	75
4 33	74
4 34	76
4 35	68
4 36	72
4 37	63
4 38	60
4 39	61
4 40	72
4 41	74
4 42	77
4 43	69
4 44	61
4 45	71
4 46	71
4 47	73
4 48	69
4 49	62
5 0	66
5 1	76
5 2	69
5 3	70
5 4	83
5 5	78
5 6	64
5 7	75
5 8	72
5 9	74
5 10	74
5 11	72
5 12	64
5 13	69
5 14	73
5 15	66
5 16	75
5 17	68
5 18	68
5 19	60
5 20	72
5 21	68
5 22	57
5 23	69
5 24	69
5 25	81
5 26	65
5 27	75
5 28	69
5 29	81
5 30	75
5 31	61
5 32	80
5 33	67
5 34	73
5 35	68
5 36	67
5 37	71
5 38	61
5 39	68
5 40	80
5 41	78
5 42	75
5 43	75
5 44	73
5 45	68
5 46	67
5 47	73
5 48	72
5 49	65
6 0	83
6 1	81
6 2	69
6 3	77
6 4	85
6 5	85
6 6	78
6 7	83
6 8	79
6 9	78
6 10	78
6 11	72
6 12	73
6 13	85
6 14	80
6 15	80
6 16	85
6 17	72
6 18	80
6 19	73
6 20	70
6 21	85
6 22	63
6 23	81
6 24	88
6 25	96
6 26	69
6 27	87
6 28	75
6 29	78
6 30	76
6 31	74
6 32	82
6 33	81
6 34	79
6 35	71
6 36	72
6 37	75
6 38	76
6 39	70
6 40	76
6 41	81
6 42	77
6 43	78
6 44	75
6 45	79
6 46	76
6 47	74
6 48	75
6 49	78
7 0	76
7 1	74
7 2	69
7 3	75
7 4	78
7 5	74
7 6	78
7 7	75
7 8	71
7 9	71
7 10	74
7 11	74
7 12	72
7 13	78
7 14	67
7 15	72
7 16	77
7 17	68
7 18	77
7 19	63
7 20	68
7 21	75
7 22	71
7 23	74
7 24	74
7 25	84
7 26	67
7 27	76
7 28	70
7 29	78
7 30	71
7 31	59
7 32	80
7 33	77
7 34	71
7 35	66
7 36	74
7 37	68
7 38	64
7 39	68
7 40	73
7 41	68
7 42	82
7 43	80
7 44	73
7 45	72
7 46	69
7 47	68
7 48	77
7 49	66
8 0	65
8 1	74
8 2	67
8 3	66
8 4	72
8 5	68
8 6	72
8 7	67
8 8	72
8 9	67
8 10	81
8 11	62
8 12	64
8 13	73
8 14	70
8 15	61
8 16	72
8 17	66
8 18	72
8 19	63
8 20	57
8 21	72
8 22	60
8 23	76
8 24	68
8 25	83
8 26	55
8 27	73
8 28	72
8 29	82
8 30	67
8 31	58
8 32	77
8 33	70
8 34	70
8 35	75
8 36	72
8 37	67
8 38	60
8 39	63
8 40	60
8 41	70
8 42	68
8 43	67
8 44	78
8 45	71
8 46	69
8 47	60
8 48	70
8 49	64
9 0	71
9 1	63
9 2	78
9 3	70
9 4	75
9 5	78
9 6	71
9 7	67
9 8	69
9 9	68
9 10	74
9 11	73
9 12	74
9 13	70
9 14	73
9 15	80
9 16	69
9 17	57
9 18	76
9 19	65
9 20	69
9 21	74
9 22	63
9 23	73
9 24	78
9 25	78
9 26	70
9 27	67
9 28	76
9 29	72
9 30	73
9 31	58
9 32	79
9 33	68
9 34	71
9 35	72
9 36	69
9 37	77
9 38	64
9 39	66
9 40	75
9 41	63
9 42	78
9 43	79
9 44	77
9 45	68
9 46	67
9 47	67
9 48	70
9 49	68
10 0	74
10 1	70
10 2	71
10 3	66
10 4	76
10 5	70
10 6	70
10 7	72
10 8	64
10 9	69
10 10	76
10 11	63
10 12	62
10 13	70
10 14	68
10 15	75
10 16	60
10 17	64
10 18	67
10 19	60
10 20	63
10 21	78
10 22	55
10 23	76
10 24	72
10 25	87
10 26	70
10 27	67
10 28	70
10 29	69
10 30	68
10 31	67
10 32	74
10 33	78
10 34	66
10 35	72
10 36	68
10 37	64
10 38	70
10 39	74
10 40	64
10 41	66
10 42	79
10 43	65
10 44	68
10 45	80
10 46	73
10 47	59
10 48	68
10 49	68
11 0	75
11 1	76
11 2	75
11 3	87
11 4	83
11 5	85
11 6	82
11 7	75
11 8	72
11 9	74
11 10	82
11 11	80
11 12	71
11 13	83
11 14	77
11 15	71
11 16	94
11 17	68
11 18	89
11 19	69
11 20	70
11 21	83
11 22	68
11 23	82
11 24	86
11 25	84
11 26	65
11 27	79
11 28	84
11 29	82
11 30	76
11 31	71
11 32	92
11 33	80
11 34	86
11 35	78
11 36	76
11 37	74
11 38	68
11 39	74
11 40	73
11 41	78
11 42	84
11 43	74
11 44	85
11 45	79
11 46	75
11 47	72
11 48	85
11 49	74
12 0	75
12 1	73
12 2	80
12 3	65
12 4	83
12 5	77
12 6	73
12 7	68
12 8	65
12 9	78
12 10	74
12 11	77
12 12	76
12 13	72
12 14	73
12 15	71
12 16	79
12 17	63
12 18	70
12 19	61
12 20	66
12 21	83
12 22	58
12 23	77
12 24	79
12 25	90
12 26	72
12 27	76
12 28	78
12 29	80
12 30	75
12 31	57
12 32	78
12 33	70
12 34	69
12 35	77
12 36	76
12 37	75
12 38	73
12 39	63
12 40	73
12 41	72
12 42	76
12 43	80
12 44	82
12 45	68
12 46	72
12 47	68
12 48	78
12 49	68
13 0	70
13 1	63
13 2	66
13 3	73
13 4	75
13 5	72
13 6	66
13 7	71
13 8	65
13 9	70
13 10	67
13 11	73
13 12	66
13 13	67
13 14	78
13 15	61
13 16	77
13 17	63
13 18	67
13 19	58
13 20	70
13 21	84
13 22	67
13 23	75
13 24	71
13 25	79
13 26	67
13 27	68
13 28	74
13 29	73
13 30	75
13 31	59
13 32	74
13 33	72
13 34	80
13 35	71
13 36	66
13 37	64
13 38	63
13 39	60
13 40	68
13 41	72
13 42	68
13 43	66
13 44	69
13 45	73
13 46	66
13 47	59
13 48	79
13 49	71
14 0	73
14 1	75
14 2	72
14 3	77
14 4	82
14 5	74
14 6	71
14 7	74
14 8	63
14 9	73
14 10	70
14 11	78
14 12	71
14 13	79
14 14	78
14 15	79
14 16	80
14 17	65
14 18	76
14 19	67
14 20	66
14 21	77
14 22	60
14 23	81
14 24	79
14 25	88
14 26	65
14 27	71
14 28	83
14 29	84
14 30	69
14 31	67
14 32	86
14 33	72
14 34	77
14 35	70
14 36	70
14 37	66
14 38	71
14 39	67
14 40	66
14 41	76
14 42	77
14 43	72
14 44	70
14 45	79
14 46	67
14 47	76
14 48	78
14 49	67
15 0	70
15 1	80
15 2	76
15 3	78
15 4	82
15 5	85
15 6	66
15 7	85
15 8	70
15 9	78
15 10	87
15 11	71
15 12	71
15 13	79
15 14	73
15 15	70
15 16	83
15 17	74
15 18	78
15 19	69
15 20	69
15 21	87
15 22	59
15 23	84
15 24	84
15 25	88
15 26	68
15 27	85
15 28	78
15 29	81
15 30	76
15 31	66
15 32	86
15 33	74
15 34	74
15 35	74
15 36	81
15 37	82
15 38	71
15 39	73
15 40	74
15 41	77
15 42	83
15 43	76
15 44	75
15 45	82
15 46	73
15 47	70
15 48	79
15 49	75
16 0	80
16 1	67
16 2	75
16 3	83
16 4	86
16 5	86
16 6	64
16 7	71
16 8	65
16 9	67
16 10	77
16 11	74
16 12	83
16 13	80
16 14	70
16 15	82
16 16	81
16 17	64
16 18	82
16 19	74
16 20	70
16 21	73
16 22	62
16 23	77
16 24	82
16 25	88
16 26	78
16 27	77
16 28	67
16 29	83
16 30	74
16 31	56
16 32	81
16 33	73
16 34	74
16 35	68
16 36	85
16 37	71
16 38	63
16 39	72
16 40	73
16 41	76
16 42	75
16 43	71
16 44	77
16 45	74
16 46	69
16 47	72
16 48	80
16 49	69
17 0	68
17 1	72
17 2	63
17 3	69
17 4	83
17 5	73
17 6	70
17 7	73
17 8	66
17 9	73
17 10	75
17 11	72
17 12	72
17 13	72
17 14	72
17 15	73
17 16	74
17 17	62
17 18	67
17 19	59
17 20	72
17 21	75
17 22	64
17 23	78
17 24	70
17 25	87
17 26	61
17 27	78
17 28	69
17 29	81
17 30	76
17 31	63
17 32	79
17 33	69
17 34	79
17 35	72
17 36	72
17 37	64
17 38	67
17 39	63
17 40	71
17 41	77
17 42	76
17 43	75
17 44	73
17 45	68
17 46	75
17 47	76
17 48	67
17 49	61
18 0	79
18 1	70
18 2	74
18 3	80
18 4	87
18 5	83
18 6	79
18 7	82
18 8	81
18 9	83
18 10	88
18 11	82
18 12	79
18 13	81
18 14	76
18 15	80
18 16	82
18 17	70
18 18	75
18 19	77
18 20	76
18 21	89
18 22	69
18 23	83
18 24	83
18 25	93
18 26	79
18 27	88
18 28	77
18 29	84
18 30	83
18 31	68
18 32	81
18 33	82
18 34	75
18 35	73
18 36	86
18 37	75
18 38	65
18 39	71
18 40	76
18 41	82
18 42	85
18 43	77
18 44	80
18 45	82
18 46	68
18 47	74
18 48	73
18 49	67
19 0	82
19 1	84
19 2	78
19 3	78
19 4	94
19 5	85
19 6	73
19 7	83
19 8	78
19 9	82
19 10	87
19 11	79
19 12	76
19 13	79
19 14	75
19 15	78
19 16	85
19 17	70
19 18	84
19 19	67
19 20	74
19 21	87
19 22	63
19 23	89
19 24	93
19 25	91
19 26	82
19 27	81
19 28	80
19 29	90
19 30	83
19 31	72
19 32	86
19 33	77
19 34	81
19 35	91
19 36	84
19 37	76
19 38	70
19 39	76
19 40	77
19 41	81
19 42	93
19 43	90
19 44	87
19 45	93
19 46	70
19 47	68
19 48	81
19 49	91
20 0	74
20 1	70
20 2	76
20 3	76
20 4	80
20 5	77
20 6	73
20 7	74
20 8	72
20 9	69
20 10	74
20 11	76
20 12	70
20 13	77
20 14	74
20 15	69
20 16	82
20 17	59
20 18	77
20 19	62
20 20	69
20 21	87
20 22	66
20 23	70
20 24	80
20 25	78
20 26	69
20 27	74
20 28	64
20 29	83
20 30	74
20 31	62
20 32	77
20 33	75
20 34	72
20 35	75
20 36	75
20 37	67
20 38	62
20 39	72
20 40	79
20 41	79
20 42	71
20 43	72
20 44	74
20 45	77
20 46	62
20 47	63
20 48	76
20 49	70
21 0	74
21 1	70
21 2	80
21 3	78
21 4	81
21 5	72
21 6	64
21 7	63
21 8	64
21 9	72
21 10	82
21 11	70
21 12	74
21 13	74
21 14	72
21 15	72
21 16	76
21 17	62
21 18	70
21 19	66
21 20	71
21 21	76
21 22	58
21 23	77
21 24	72
21 25	82
21 26	71
21 27	75
21 28	72
21 29	69
21 30	68
21 31	66
21 32	69
21 33	68
21 34	71
21 35	75
21 36	72
21 37	74
21 38	66
21 39	70
21 40	73
21 41	68
21 42	74
21 43	75
21 44	79
21 45	77
21 46	75
21 47	68
21 48	74
21 49	73
22 0	75
22 1	71
22 2	67
22 3	77
22 4	83
22 5	73
22 6	81
22 7	73
22 8	70
22 9	64
22 10	81
22 11	72
22 12	74
22 13	76
22 14	72
22 15	77
22 16	83
22 17	61
22 18	80
22 19	69
22 20	71
22 21	83
22 22	69
22 23	81
22 24	77
22 25	84
22 26	66
22 27	71
22 28	77
22 29	82
22 30	71
22 31	62
22 32	72
22 33	77
22 34	79
22 35	78
22 36	81
22 37	74
22 38	67
22 39	74
22 40	76
22 41	71
22 42	79
22 43	67
22 44	79
22 45	78
22 46	68
22 47	67
22 48	75
22 49	68
23 0	65
23 1	69
23 2	70
23 3	66
23 4	82
23 5	72
23 6	62
23 7	72
23 8	72
23 9	79
23 10	76
23 11	67
23 12	66
23 13	71
23 14	69
23 15	68
23 16	71
23 17	55
23 18	66
23 19	59
23 20	69
23 21	70
23 22	60
23 23	69
23 24	73
23 25	80
23 26	68
23 27	70
23 28	67
23 29	75
23 30	70
23 31	62
23 32	80
23 33	65
23 34	70
23 35	74
23 36	67
23 37	65
23 38	66
23 39	63
23 40	66
23 41	72
23 42	88
23 43	74
23 44	76
23 45	65
23 46	61
23 47	60
23 48	71
23 49	69
24 0	76
24 1	77
24 2	80
24 3	84
24 4	89
24 5	81
24 6	76
24 7	79
24 8	69
24 9	81
24 10	87
24 11	78
24 12	81
24 13	82
24 14	81
24 15	78
24 16	89
24 17	71
24 18	78
24 19	74
24 20	73
24 21	81
24 22	65
24 23	83
24 24	86
24 25	98
24 26	75
24 27	79
24 28	78
24 29	82
24 30	81
24 31	70
24 32	77
24 33	77
24 34	87
24 35	80
24 36	69
24 37	71
24 38	73
24 39	83
24 40	77
24 41	83
24 42	91
24 43	76
24 44	72
24 45	87
24 46	79
24 47	84
24 48	85
24 49	78
25 0	68
25 1	63
25 2	66
25 3	76
25 4	81
25 5	82
25 6	68
25 7	72
25 8	66
25 9	78
25 10	87
25 11	77
25 12	73
25 13	81
25 14	60
25 15	72
25 16	73
25 17	63
25 18	67
25 19	68
25 20	74
25 21	72
25 22	60
25 23	76
25 24	72
25 25	84
25 26	69
25 27	69
25 28	64
25 29	70
25 30	71
25 31	59
25 32	73
25 33	64
25 34	68
25 35	74
25 36	66
25 37	63
25 38	63
25 39	66
25 40	63
25 41	77
25 42	83
25 43	64
25 44	71
25 45	75
25 46	63
25 47	70
25 48	72
25 49	62
26 0	79
26 1	76
26 2	78
26 3	80
26 4	86
26 5	84
26 6	78
26 7	72
26 8	75
26 9	79
26 10	84
26 11	77
26 12	76
26 13	76
26 14	75
26 15	76
26 16	78
26 17	73
26 18	79
26 19	76
26 20	75
26 21	86
26 22	67
26 23	83
26 24	85
26 25	92
26 26	76
26 27	82
26 28	73
26 29	81
26 30	79
26 31	80
26 32	80
26 33	77
26 34	77
26 35	82
26 36	82
26 37	78
26 38	69
26 39	80
26 40	70
26 41	80
26 42	82
26 43	74
26 44	77
26 45	77
26 46	75
26 47	72
26 48	71
26 49	68
27 0	81
27 1	76
27 2	76
27 3	75
27 4	81
27 5	84
27 6	69
27 7	73
27 8	79
27 9	67
27 10	89
27 11	79
27 12	78
27 13	84
27 14	77
27 15	67
27 16	78
27 17	72
27 18	77
27 19	68
27 20	74
27 21	84
27 22	64
27 23	76
27 24	84
27 25	86
27 26	63
27 27	74
27 28	74
27 29	77
27 30	75
27 31	63
27 32	83
27 33	75
27 34	80
27 35	81
27 36	83
27 37	77
27 38	73
27 39	76
27 40	76
27 41	76
27 42	74
27 43	78
27 44	82
27 45	64
27 46	66
27 47	71
27 48	74
27 49	65
28 0	73
28 1	64
28 2	70
28 3	71
28 4	67
28 5	69
28 6	55
28 7	67
28 8	65
28 9	61
28 10	72
28 11	70
28 12	71
28 13	71
28 14	64
28 15	63
28 16	68
28 17	58
28 18	68
28 19	57
28 20	63
28 21	69
28 22	53
28 23	67
28 24	67
28 25	77
28 26	69
28 27	67
28 28	61
28 29	64
28 30	77
28 31	57
28 32	68
28 33	67
28 34	74
28 35	68
28 36	79
28 37	69
28 38	55
28 39	70
28 40	62
28 41	68
28 42	69
28 43	66
28 44	69
28 45	66
28 46	64
28 47	69
28 48	63
28 49	67
29 0	83
29 1	77
29 2	79
29 3	76
29 4	91
29 5	80
29 6	74
29 7	83
29 8	75
29 9	83
29 10	85
29 11	74
29 12	77
29 13	83
29 14	84
29 15	88
29 16	82
29 17	70
29 18	78
29 19	72
29 20	74
29 21	79
29 22	60
29 23	96
29 24	81
29 25	100
29 26	75
29 27	81
29 28	71
29 29	85
29 30	77
29 31	64
29 32	83
29 33	77
29 34	81
29 35	79
29 36	87
29 37	75
29 38	77
29 39	72
29 40	85
29 41	82
29 42	80
29 43	76
29 44	86
29 45	78
29 46	83
29 47	82
29 48	78
29 49	74
30 0	75
30 1	76
30 2	67
30 3	77
30 4	86
30 5	75
30 6	77
30 7	81
30 8	65
30 9	76
30 10	75
30 11	69
30 12	72
30 13	77
30 14	71
30 15	73
30 16	81
30 17	59
30 18	76
30 19	70
30 20	65
30 21	68
30 22	55
30 23	68
30 24	85
30 25	83
30 26	68
30 27	72
30 28	68
30 29	77
30 30	68
30 31	68
30 32	76
30 33	77
30 34	87
30 35	73
30 36	75
30 37	70
30 38	72
30 39	79
30 40	71
30 41	79
30 42	77
30 43	72
30 44	73
30 45	79
30 46	60
30 47	60
30 48	72
30 49	75
31 0	65
31 1	59
31 2	60
31 3	77
31 4	66
31 5	63
31 6	64
31 7	65
31 8	69
31 9	63
31 10	68
31 11	69
31 12	62
31 13	65
31 14	56
31 15	71
31 16	74
31 17	61
31 18	69
31 19	54
31 20	66
31 21	67
31 22	61
31 23	60
31 24	68
31 25	76
31 26	58
31 27	63
31 28	60
31 29	64
31 30	61
31 31	56
31 32	72
31 33	61
31 34	74
31 35	61
31 36	65
31 37	61
31 38	55
31 39	68
31 40	53
31 41	68
31 42	65
31 43	59
31 44	63
31 45	67
31 46	64
31 47	58
31 48	66
31 49	62
32 0	76
32 1	79
32 2	80
32 3	74
32 4	91
32 5	73
32 6	78
32 7	71
32 8	73
32 9	79
32 10	84
32 11	81
32 12	72
32 13	79
32 14	80
32 15	67
32 16	78
32 17	74
32 18	78
32 19	84
32 20	76
32 21	79
32 22	67
32 23	79
32 24	83
32 25	87
32 26	71
32 27	78
32 28	75
32 29	82
32 30	72
32 31	70
32 32	81
32 33	83
32 34	84
32 35	77
32 36	92
32 37	80
32 38	77
32 39	80
32 40	74
32 41	83
32 42	80
32 43	85
32 44	71
32 45	77
32 46	69
32 47	68
32 48	74
32 49	81
33 0	76
33 1	74
33 2	76
33 3	78
33 4	85
33 5	82
33 6	71
33 7	70
33 8	69
33 9	67
33 10	75
33 11	73
33 12	66
33 13	81
33 14	66
33 15	67
33 16	85
33 17	72
33 18	80
33 19	77
33 20	68
33 21	79
33 22	65
33 23	78
33 24	83
33 25	81
33 26	66
33 27	82
33 28	76
33 29	75
33 30	75
33 31	57
33 32	79
33 33	72
33 34	70
33 35	68
33 36	76
33 37	73
33 38	82
33 39	71
33 40	79
33 41	76
33 42	79
33 43	75
33 44	74
33 45	76
33 46	74
33 47	67
33 48	77
33 49	71
34 0	71
34 1	66
34 2	69
34 3	77
34 4	80
34 5	72
34 6	63
34 7	64
34 8	64
34 9	75
34 10	69
34 11	71
34 12	66
34 13	70
34 14	66
34 15	63
34 16	73
34 17	63
34 18	68
34 19	58
34 20	66
34 21	71
34 22	61
34 23	71
34 24	82
34 25	81
34 26	64
34 27	73
34 28	66
34 29	80
34 30	73
34 31	65
34 32	80
34 33	68
34 34	76
34 35	66
34 36	73
34 37	69
34 38	51
34 39	72
34 40	69
34 41	69
34 42	71
34 43	66
34 44	80
34 45	73
34 46	67
34 47	69
34 48	67
34 49	60
35 0	68
35 1	79
35 2	60
35 3	77
35 4	79
35 5	84
35 6	74
35 7	75
35 8	65
35 9	75
35 10	73
35 11	79
35 12	77
35 13	78
35 14	75
35 15	65
35 16	82
35 17	62
35 18	73
35 19	65
35 20	68
35 21	80
35 22	64
35 23	76
35 24	79
35 25	92
35 26	69
35 27	75
35 28	70
35 29	77
35 30	69
35 31	60
35 32	79
35 33	67
35 34	70
35 35	66
35 36	76
35 37	74
35 38	63
35 39	75
35 40	74
35 41	76
35 42	77
35 43	74
35 44	76
35 45	80
35 46	62
35 47	67
35 48	73
35 49	61
36 0	71
36 1	66
36 2	69
36 3	77
36 4	84
36 5	83
36 6	73
36 7	86
36 8	76
36 9	78
36 10	76
36 11	80
36 12	71
36 13	74
36 14	72
36 15	72
36 16	86
36 17	65
36 18	81
36 19	70
36 20	69
36 21	87
36 22	66
36 23	90
36 24	80
36 25	93
36 26	74
36 27	81
36 28	73
36 29	85
36 30	76
36 31	75
36 32	86
36 33	77
36 34	64
36 35	90
36 36	83
36 37	76
36 38	80
36 39	73
36 40	77
36 41	83
36 42	87
36 43	80
36 44	81
36 45	81
36 46	71
36 47	74
36 48	79
36 49	79
37 0	78
37 1	81
37 2	74
37 3	79
37 4	84
37 5	72
37 6	77
37 7	84
37 8	73
37 9	85
37 10	82
37 11	72
37 12	71
37 13	74
37 14	68
37 15	82
37 16	76
37 17	68
37 18	83
37 19	67
37 20	75
37 21	82
37 22	65
37 23	77
37 24	77
37 25	89
37 26	76
37 27	81
37 28	84
37 29	86
37 30	83
37 31	76
37 32	88
37 33	77
37 34	91
37 35	78
37 36	78
37 37	78
37 38	70
37 39	76
37 40	73
37 41	74
37 42	83
37 43	85
37 44	73
37 45	80
37 46	80
37 47	75
37 48	85
37 49	76
38 0	84
38 1	74
38 2	76
38 3	89
38 4	79
38 5	85
38 6	72
38 7	75
38 8	77
38 9	73
38 10	86
38 11	80
38 12	77
38 13	84
38 14	72
38 15	83
38 16	84
38 17	74
38 18	83
38 19	70
38 20	76
38 21	84
38 22	70
38 23	75
38 24	76
38 25	92
38 26	75
38 27	88
38 28	74
38 29	82
38 30	82
38 31	71
38 32	82
38 33	85
38 34	80
38 35	79
38 36	78
38 37	77
38 38	67
38 39	78
38 40	79
38 41	82
38 42	79
38 43	76
38 44	77
38 45	78
38 46	79
38 47	77
38 48	76
38 49	78
39 0	71
39 1	80
39 2	81
39 3	73
39 4	79
39 5	78
39 6	76
39 7	74
39 8	62
39 9	74
39 10	79
39 11	73
39 12	74
39 13	80
39 14	74
39 15	67
39 16	83
39 17	73
39 18	83
39 19	71
39 20	56
39 21	84
39 22	60
39 23	81
39 24	77
39 25	83
39 26	68
39 27	75
39 28	77
39 29	81
39 30	77
39 31	68
39 32	78
39 33	78
39 34	74
39 35	74
39 36	70
39 37	67
39 38	73
39 39	74
39 40	71
39 41	82
39 42	75
39 43	71
39 44	77
39 45	83
39 46	80
39 47	68
39 48	80
39 49	63
40 0	72
40 1	66
40 2	76
40 3	80
40 4	88
40 5	74
40 6	72
40 7	77
40 8	69
40 9	76
40 10	79
40 11	76
40 12	75
40 13	74
40 14	78
40 15	75
40 16	81
40 17	70
40 18	70
40 19	61
40 20	75
40 21	84
40 22	62
40 23	85
40 24	76
40 25	91
40 26	65
40 27	80
40 28	70
40 29	87
40 30	69
40 31	61
40 32	82
40 33	73
40 34	73
40 35	71
40 36	76
40 37	74
40 38	76
40 39	71
40 40	75
40 41	74
40 42	77
40 43	71
40 44	76
40 45	76
40 46	79
40 47	75
40 48	75
40 49	72
41 0	72
41 1	74
41 2	73
41 3	80
41 4	82
41 5	68
41 6	70
41 7	72
41 8	68
41 9	74
41 10	77
41 11	72
41 12	78
41 13	79
41 14	76
41 15	70
41 16	77
41 17	67
41 18	77
41 19	60
41 20	69
41 21	80
41 22	60
41 23	82
41 24	78
41 25	87
41 26	73
41 27	73
41 28	72
41 29	80
41 30	70
41 31	72
41 32	77
41 33	77
41 34	73
41 35	77
41 36	72
41 37	75
41 38	67
41 39	74
41 40	66
41 41	75
41 42	83
41 43	71
41 44	77
41 45	82
41 46	61
41 47	69
41 48	77
41 49	77
42 0	88
42 1	72
42 2	72
42 3	74
42 4	85
42 5	79
42 6	70
42 7	74
42 8	71
42 9	78
42 10	74
42 11	71
42 12	73
42 13	74
42 14	74
42 15	72
42 16	82
42 17	71
42 18	77
42 19	65
42 20	72
42 21	76
42 22	66
42 23	79
42 24	76
42 25	93
42 26	66
42 27	76
42 28	71
42 29	77
42 30	77
42 31	68
42 32	83
42 33	70
42 34	74
42 35	72
42 36	76
42 37	74
42 38	57
42 39	70
42 40	71
42 41	81
42 42	86
42 43	76
42 44	79
42 45	68
42 46	72
42 47	78
42 48	65
42 49	64
43 0	68
43 1	68
43 2	75
43 3	71
43 4	86
43 5	72
43 6	69
43 7	72
43 8	69
43 9	62
43 10	71
43 11	71
43 12	69
43 13	72
43 14	71
43 15	76
43 16	71
43 17	58
43 18	78
43 19	59
43 20	67
43 21	79
43 22	58
43 23	69
43 24	70
43 25	75
43 26	66
43 27	71
43 28	66
43 29	72
43 30	66
43 31	66
43 32	76
43 33	67
43 34	74
43 35	73
43 36	72
43 37	72
43 38	64
43 39	74
43 40	69
43 41	65
43 42	68
43 43	72
43 44	67
43 45	77
43 46	64
43 47	68
43 48	68
43 49	68
44 0	77
44 1	71
44 2	76
44 3	67
44 4	79
44 5	75
44 6	73
44 7	76
44 8	63
44 9	73
44 10	79
44 11	65
44 12	70
44 13	75
44 14	69
44 15	67
44 16	75
44 17	53
44 18	80
44 19	63
44 20	74
44 21	72
44 22	56
44 23	78
44 24	78
44 25	83
44 26	70
44 27	70
44 28	74
44 29	79
44 30	73
44 31	64
44 32	74
44 33	74
44 34	73
44 35	80
44 36	70
44 37	72
44 38	73
44 39	67
44 40	69
44 41	72
44 42	79
44 43	76
44 44	76
44 45	80
44 46	64
44 47	68
44 48	73
44 49	73
45 0	72
45 1	73
45 2	67
45 3	80
45 4	78
45 5	82
45 6	71
45 7	70
45 8	73
45 9	69
45 10	71
45 11	73
45 12	67
45 13	72
45 14	71
45 15	74
45 16	73
45 17	60
45 18	75
45 19	60
45 20	71
45 21	77
45 22	61
45 23	78
45 24	80
45 25	83
45 26	65
45 27	74
45 28	65
45 29	77
45 30	72
45 31	63
45 32	74
45 33	68
45 34	77
45 35	70
45 36	77
45 37	69
45 38	69
45 39	70
45 40	67
45 41	72
45 42	71
45 43	73
45 44	68
45 45	72
45 46	68
45 47	69
45 48	73
45 49	78
46 0	71
46 1	74
46 2	70
46 3	77
46 4	70
46 5	82
46 6	67
46 7	77
46 8	69
46 9	66
46 10	76
46 11	74
46 12	67
46 13	74
46 14	75
46 15	75
46 16	84
46 17	64
46 18	80
46 19	72
46 20	64
46 21	75
46 22	61
46 23	73
46 24	79
46 25	83
46 26	70
46 27	76
46 28	74
46 29	76
46 30	72
46 31	67
46 32	79
46 33	77
46 34	77
46 35	79
46 36	78
46 37	65
46 38	71
46 39	70
46 40	69
46 41	76
46 42	76
46 43	70
46 44	75
46 45	79
46 46	75
46 47	68
46 48	76
46 49	73
47 0	87
47 1	84
47 2	72
47 3	81
47 4	93
47 5	82
47 6	78
47 7	68
47 8	79
47 9	86
47 10	86
47 11	82
47 12	76
47 13	74
47 14	84
47 15	79
47 16	89
47 17	73
47 18	81
47 19	77
47 20	76
47 21	84
47 22	69
47 23	91
47 24	96
47 25	93
47 26	76
47 27	80
47 28	71
47 29	79
47 30	78
47 31	71
47 32	81
47 33	76
47 34	74
47 35	80
47 36	83
47 37	80
47 38	78
47 39	75
47 40	78
47 41	80
47 42	83
47 43	91
47 44	78
47 45	73
47 46	78
47 47	66
47 48	79
47 49	72
48 0	73
48 1	66
48 2	63
48 3	69
48 4	72
48 5	73
48 6	71
48 7	68
48 8	74
48 9	75
48 10	74
48 11	72
48 12	69
48 13	66
48 14	68
48 15	73
48 16	70
48 17	62
48 18	69
48 19	62
48 20	74
48 21	80
48 22	54
48 23	75
48 24	71
48 25	85
48 26	69
48 27	71
48 28	63
48 29	68
48 30	76
48 31	67
48 32	77
48 33	64
48 34	75
48 35	70
48 36	66
48 37	85
48 38	64
48 39	72
48 40	71
48 41	77
48 42	73
48 43	78
48 44	73
48 45	68
48 46	69
48 47	69
48 48	64
48 49	72
49 0	66
49 1	56
49 2	65
49 3	73
49 4	71
49 5	70
49 6	62
49 7	62
49 8	65
49 9	56
49 10	72
49 11	63
49 12	59
49 13	71
49 14	61
49 15	74
49 16	70
49 17	66
49 18	71
49 19	59
49 20	64
49 21	72
49 22	58
49 23	66
49 24	69
49 25	73
49 26	59
49 27	73
49 28	63
49 29	72
49 30	66
49 31	54
49 32	69
49 33	66
49 34	78
49 35	62
49 36	70
49 37	63
49 38	60
49 39	62
49 40	60
49 41	65
49 42	58
49 43	64
49 44	67
49 45	65
49 46	54
49 47	65
49 48	70
49 49	64
50 0	80
50 1	74
50 2	72
50 3	74
50 4	79
50 5	88
50 6	76
50 7	72
50 8	65
50 9	78
50 10	85
50 11	76
50 12	64
50 13	68
50 14	72
50 15	71
50 16	77
50 17	63
50 18	73
50 19	69
50 20	73
50 21	87
50 22	55
50 23	72
50 24	75
50 25	84
50 26	70
50 27	80
50 28	69
50 29	72
50 30	83
50 31	76
50 32	78
50 33	72
50 34	80
50 35	65
50 36	78
50 37	72
50 38	71
50 39	67
50 40	70
50 41	67
50 42	72
50 43	82
50 44	75
50 45	79
50 46	67
50 47	69
50 48	69
50 49	81
51 0	78
51 1	80
51 2	78
51 3	76
51 4	92
51 5	75
51 6	75
51 7	78
51 8	68
51 9	78
51 10	84
51 11	78
51 12	75
51 13	78
51 14	77
51 15	71
51 16	89
51 17	74
51 18	82
51 19	67
51 20	74
51 21	79
51 22	66
51 23	84
51 24	79
51 25	86
51 26	66
51 27	73
51 28	68
51 29	80
51 30	74
51 31	70
51 32	78
51 33	78
51 34	80
51 35	83
51 36	83
51 37	76
51 38	73
51 39	72
51 40	80
51 41	83
51 42	83
51 43	69
51 44	86
51 45	81
51 46	73
51 47	66
51 48	80
51 49	67
52 0	86
52 1	77
52 2	76
52 3	80
52 4	84
52 5	82
52 6	81
52 7	80
52 8	79
52 9	83
52 10	85
52 11	78
52 12	79
52 13	85
52 14	75
52 15	80
52 16	78
52 17	70
52 18	82
52 19	68
52 20	87
52 21	88
52 22	62
52 23	84
52 24	84
52 25	98
52 26	79
52 27	88
52 28	86
52 29	90
52 30	85
52 31	73
52 32	90
52 33	83
52 34	87
52 35	80
52 36	80
52 37	73
52 38	74
52 39	85
52 40	79
52 41	84
52 42	87
52 43	77
52 44	78
52 45	84
52 46	76
52 47	75
52 48	89
52 49	85
53 0	64
53 1	74
53 2	68
53 3	72
53 4	74
53 5	78
53 6	61
53 7	65
53 8	61
53 9	69
53 10	80
53 11	76
53 12	70
53 13	75
53 14	65
53 15	72
53 16	79
53 17	64
53 18	76
53 19	63
53 20	61
53 21	75
53 22	57
53 23	80
53 24	78
53 25	82
53 26	68
53 27	77
53 28	74
53 29	69
53 30	71
53 31	68
53 32	75
53 33	70
53 34	73
53 35	71
53 36	64
53 37	63
53 38	66
53 39	68
53 40	64
53 41	70
53 42	86
53 43	70
53 44	69
53 45	77
53 46	66
53 47	60
53 48	78
53 49	68
54 0	73
54 1	56
54 2	63
54 3	66
54 4	72
54 5	71
54 6	63
54 7	71
54 8	63
54 9	69
54 10	68
54 11	68
54 12	59
54 13	68
54 14	66
54 15	66
54 16	65
54 17	54
54 18	77
54 19	58
54 20	70
54 21	71
54 22	61
54 23	74
54 24	67
54 25	79
54 26	62
54 27	70
54 28	67
54 29	75
54 30	65
54 31	61
54 32	75
54 33	70
54 34	66
54 35	72
54 36	72
54 37	74
54 38	62
54 39	72
54 40	68
54 41	70
54 42	72
54 43	71
54 44	74
54 45	67
54 46	64
54 47	67
54 48	64
54 49	62
55 0	77
55 1	71
55 2	69
55 3	73
55 4	83
55 5	74
55 6	69
55 7	75
55 8	63
55 9	67
55 10	82
55 11	65
55 12	75
55 13	79
55 14	68
55 15	67
55 16	73
55 17	66
55 18	69
55 19	68
55 20	65
55 21	71
55 22	64
55 23	69
55 24	83
55 25	82
55 26	66
55 27	73
55 28	80
55 29	72
55 30	59
55 31	65
55 32	72
55 33	72
55 34	67
55 35	74
55 36	74
55 37	69
55 38	70
55 39	70
55 40	76
55 41	80
55 42	81
55 43	70
55 44	69
55 45	73
55 46	68
55 47	64
55 48	73
55 49	71
56 0	73
56 1	74
56 2	69
56 3	68
56 4	74
56 5	80
56 6	70
56 7	73
56 8	71
56 9	67
56 10	80
56 11	69
56 12	68
56 13	76
56 14	68
56 15	64
56 16	73
56 17	61
56 18	82
56 19	69
56 20	66
56 21	73
56 22	65
56 23	76
56 24	79
56 25	83
56 26	65
56 27	78
56 28	74
56 29	82
56 30	69
56 31	64
56 32	79
56 33	74
56 34	77
56 35	69
56 36	76
56 37	66
56 38	68
56 39	65
56 40	67
56 41	79
56 42	79
56 43	73
56 44	72
56 45	70
56 46	72
56 47	67
56 48	74
56 49	63
57 0	77
57 1	78
57 2	67
57 3	77
57 4	80
57 5	77
57 6	78
57 7	80
57 8	79
57 9	66
57 10	79
57 11	78
57 12	75
57 13	77
57 14	72
57 15	77
57 16	81
57 17	64
57 18	78
57 19	69
57 20	81
57 21	84
57 22	71
57 23	82
57 24	73
57 25	89
57 26	74
57 27	73
57 28	74
57 29	82
57 30	70
57 31	66
57 32	82
57 33	77
57 34	73
57 35	68
57 36	73
57 37	77
57 38	66
57 39	76
57 40	75
57 41	72
57 42	74
57 43	81
57 44	67
57 45	75
57 46	79
57 47	70
57 48	73
57 49	74
58 0	69
58 1	71
58 2	66
58 3	69
58 4	77
58 5	68
58 6	67
58 7	65
58 8	66
58 9	69
58 10	77
58 11	70
58 12	65
58 13	73
58 14	69
58 15	65
58 16	72
58 17	65
58 18	68
58 19	67
58 20	67
58 21	75
58 22	59
58 23	71
58 24	77
58 25	79
58 26	72
58 27	71
58 28	68
58 29	73
58 30	68
58 31	63
58 32	72
58 33	68
58 34	69
58 35	69
58 36	73
58 37	65
58 38	65
58 39	68
58 40	62
58 41	77
58 42	79
58 43	76
58 44	68
58 45	66
58 46	71
58 47	60
58 48	65
58 49	69
59 0	81
59 1	74
59 2	80
59 3	84
59 4	86
59 5	86
59 6	72
59 7	87
59 8	75
59 9	79
59 10	89
59 11	78
59 12	74
59 13	85
59 14	72
59 15	80
59 16	78
59 17	72
59 18	75
59 19	70
59 20	69
59 21	81
59 22	70
59 23	76
59 24	86
59 25	87
59 26	65
59 27	85
59 28	85
59 29	87
59 30	82
59 31	71
59 32	84
59 33	77
59 34	85
59 35	76
59 36	80
59 37	79
59 38	73
59 39	72
59 40	86
59 41	84
59 42	80
59 43	75
59 44	82
59 45	80
59 46	76
59 47	77
59 48	87
59 49	74
60 0	71
60 1	67
60 2	71
60 3	70
60 4	73
60 5	68
60 6	75
60 7	75
60 8	65
60 9	75
60 10	80
60 11	69
60 12	65
60 13	68
60 14	71
60 15	73
60 16	68
60 17	57
60 18	73
60 19	68
60 20	64
60 21	75
60 22	50
60 23	78
60 24	75
60 25	85
60 26	69
60 27	71
60 28	64
60 29	72
60 30	68
60 31	76
60 32	80
60 33	78
60 34	78
60 35	79
60 36	76
60 37	70
60 38	73
60 39	59
60 40	67
60 41	73
60 42	79
60 43	75
60 44	69
60 45	74
60 46	63
60 47	67
60 48	78
60 49	68
61 0	71
61 1	61
61 2	70
61 3	72
61 4	75
61 5	80
61 6	63
61 7	70
61 8	67
61 9	68
61 10	78
61 11	73
61 12	65
61 13	72
61 14	71
61 15	69
61 16	78
61 17	64
61 18	74
61 19	61
61 20	71
61 21	77
61 22	56
61 23	70
61 24	74
61 25	79
61 26	78
61 27	70
61 28	67
61 29	67
61 30	70
61 31	65
61 32	75
61 33	66
61 34	68
61 35	73
61 36	61
61 37	71
61 38	66
61 39	68
61 40	70
61 41	69
61 42	68
61 43	66
61 44	74
61 45	64
61 46	67
61 47	67
61 48	72
61 49	68
62 0	87
62 1	70
62 2	76
62 3	80
62 4	84
62 5	77
62 6	74
62 7	74
62 8	75
62 9	84
62 10	83
62 11	77
62 12	83
62 13	81
62 14	74
62 15	80
62 16	88
62 17	70
62 18	70
62 19	58
62 20	77
62 21	78
62 22	71
62 23	79
62 24	77
62 25	90
62 26	77
62 27	81
62 28	77
62 29	85
62 30	72
62 31	74
62 32	85
62 33	78
62 34	79
62 35	78
62 36	75
62 37	75
62 38	63
62 39	73
62 40	69
62 41	81
62 42	81
62 43	72
62 44	78
62 45	79
62 46	70
62 47	70
62 48	77
62 49	70
63 0	77
63 1	70
63 2	76
63 3	82
63 4	85
63 5	72
63 6	70
63 7	77
63 8	73
63 9	75
63 10	82
63 11	79
63 12	72
63 13	75
63 14	76
63 15	76
63 16	79
63 17	69
63 18	78
63 19	73
63 20	75
63 21	73
63 22	65
63 23	78
63 24	78
63 25	86
63 26	62
63 27	76
63 28	68
63 29	76
63 30	76
63 31	69
63 32	82
63 33	76
63 34	82
63 35	71
63 36	85
63 37	74
63 38	68
63 39	76
63 40	76
63 41	74
63 42	77
63 43	80
63 44	75
63 45	70
63 46	68
63 47	67
63 48	79
63 49	69
64 0	76
64 1	81
64 2	73
64 3	89
64 4	86
64 5	81
64 6	75
64 7	82
64 8	75
64 9	81
64 10	83
64 11	82
64 12	83
64 13	78
64 14	77
64 15	85
64 16	89
64 17	68
64 18	81
64 19	76
64 20	79
64 21	89
64 22	62
64 23	85
64 24	86
64 25	96
64 26	81
64 27	86
64 28	79
64 29	82
64 30	81
64 31	76
64 32	81
64 33	76
64 34	82
64 35	81
64 36	80
64 37	77
64 38	69
64 39	76
64 40	85
64 41	82
64 42	82
64 43	82
64 44	84
64 45	73
64 46	74
64 47	79
64 48	85
64 49	70
65 0	78
65 1	69
65 2	71
65 3	74
65 4	75
65 5	75
65 6	65
65 7	69
65 8	69
65 9	68
65 10	76
65 11	66
65 12	70
65 13	81
65 14	71
65 15	73
65 16	81
65 17	70
65 18	78
65 19	67
65 20	68
65 21	75
65 22	61
65 23	84
65 24	78
65 25	91
65 26	75
65 27	80
65 28	74
65 29	77
65 30	76
65 31	66
65 32	80
65 33	77
65 34	75
65 35	72
65 36	74
65 37	75
65 38	67
65 39	72
65 40	76
65 41	70
65 42	80
65 43	73
65 44	71
65 45	70
65 46	69
65 47	63
65 48	75
65 49	70
66 0	68
66 1	65
66 2	71
66 3	80
66 4	80
66 5	75
66 6	77
66 7	73
66 8	73
66 9	75
66 10	74
66 11	74
66 12	73
66 13	78
66 14	72
66 15	77
66 16	77
66 17	56
66 18	71
66 19	68
66 20	78
66 21	75
66 22	55
66 23	70
66 24	85
66 25	80
66 26	65
66 27	81
66 28	70
66 29	77
66 30	71
66 31	65
66 32	73
66 33	69
66 34	78
66 35	70
66 36	70
66 37	83
66 38	66
66 39	66
66 40	78
66 41	74
66 42	78
66 43	81
66 44	77
66 45	81
66 46	62
66 47	70
66 48	70
66 49	65
67 0	80
67 1	73
67 2	79
67 3	80
67 4	87
67 5	80
67 6	77
67 7	73
67 8	74
67 9	73
67 10	70
67 11	74
67 12	69
67 13	79
67 14	70
67 15	73
67 16	76
67 17	69
67 18	80
67 19	70
67 20	77
67 21	79
67 22	64
67 23	80
67 24	79
67 25	96
67 26	71
67 27	82
67 28	82
67 29	80
67 30	79
67 31	73
67 32	77
67 33	80
67 34	72
67 35	80
67 36	84
67 37	80
67 38	76
67 39	71
67 40	69
67 41	77
67 42	78
67 43	71
67 44	72
67 45	77
67 46	70
67 47	72
67 48	72
67 49	66
68 0	74
68 1	66
68 2	70
68 3	75
68 4	81
68 5	85
68 6	69
68 7	78
68 8	77
68 9	73
68 10	80
68 11	75
68 12	69
68 13	70
68 14	79
68 15	68
68 16	86
68 17	60
68 18	77
68 19	70
68 20	66
68 21	79
68 22	58
68 23	87
68 24	77
68 25	85
68 26	67
68 27	65
68 28	76
68 29	78
68 30	72
68 31	71
68 32	78
68 33	76
68 34	76
68 35	83
68 36	78
68 37	76
68 38	72
68 39	74
68 40	74
68 41	79
68 42	81
68 43	75
68 44	87
68 45	78
68 46	65
68 47	69
68 48	71
68 49	75
69 0	72
69 1	71
69 2	77
69 3	73
69 4	79
69 5	79
69 6	81
69 7	67
69 8	72
69 9	71
69 10	81
69 11	65
69 12	69
69 13	72
69 14	70
69 15	68
69 16	76
69 17	73
69 18	83
69 19	67
69 20	65
69 21	76
69 22	65
69 23	79
69 24	77
69 25	96
69 26	70
69 27	80
69 28	75
69 29	80
69 30	74
69 31	68
69 32	79
69 33	82
69 34	81
69 35	78
69 36	77
69 37	75
69 38	67
69 39	71
69 40	73
69 41	68
69 42	73
69 43	69
69 44	78
69 45	72
69 46	73
69 47	71
69 48	66
69 49	70
70 0	67
70 1	72
70 2	68
70 3	89
70 4	80
70 5	79
70 6	65
70 7	76
70 8	77
70 9	68
70 10	80
70 11	68
70 12	68
70 13	85
70 14	72
70 15	73
70 16	79
70 17	63
70 18	77
70 19	68
70 20	68
70 21	72
70 22	70
70 23	73
70 24	72
70 25	84
70 26	75
70 27	69
70 28	62
70 29	87
70 30	79
70 31	61
70 32	79
70 33	74
70 34	80
70 35	69
70 36	79
70 37	72
70 38	62
70 39	74
70 40	77
70 41	78
70 42	77
70 43	70
70 44	83
70 45	71
70 46	70
70 47	74
70 48	75
70 49	68
71 0	71
71 1	70
71 2	73
71 3	70
71 4	76
71 5	75
71 6	72
71 7	70
71 8	70
71 9	71
71 10	84
71 11	71
71 12	65
71 13	68
71 14	69
71 15	72
71 16	77
71 17	72
71 18	73
71 19	67
71 20	74
71 21	75
71 22	60
71 23	72
71 24	78
71 25	82
71 26	65
71 27	67
71 28	74
71 29	69
71 30	73
71 31	60
71 32	78
71 33	73
71 34	73
71 35	80
71 36	70
71 37	64
71 38	68
71 39	71
71 40	71
71 41	70
71 42	79
71 43	72
71 44	75
71 45	76
71 46	64
71 47	69
71 48	73
71 49	73
72 0	81
72 1	73
72 2	82
72 3	79
72 4	83
72 5	93
72 6	77
72 7	81
72 8	74
72 9	70
72 10	86
72 11	82
72 12	71
72 13	86
72 14	75
72 15	75
72 16	81
72 17	71
72 18	78
72 19	70
72 20	78
72 21	83
72 22	63
72 23	81
72 24	86
72 25	96
72 26	70
72 27	87
72 28	78
72 29	80
72 30	85
72 31	71
72 32	94
72 33	81
72 34	75
72 35	80
72 36	80
72 37	79
72 38	66
72 39	76
72 40	70
72 41	76
72 42	79
72 43	73
72 44	76
72 45	88
72 46	74
72 47	79
72 48	78
72 49	76
73 0	72
73 1	70
73 2	69
73 3	71
73 4	73
73 5	77
73 6	72
73 7	63
73 8	66
73 9	69
73 10	78
73 11	67
73 12	66
73 13	74
73 14	71
73 15	66
73 16	73
73 17	62
73 18	73
73 19	67
73 20	72
73 21	73
73 22	63
73 23	74
73 24	77
73 25	84
73 26	68
73 27	81
73 28	68
73 29	78
73 30	72
73 31	57
73 32	74
73 33	70
73 34	75
73 35	62
73 36	72
73 37	63
73 38	63
73 39	69
73 40	66
73 41	74
73 42	72
73 43	67
73 44	68
73 45	70
73 46	66
73 47	66
73 48	59
73 49	65
74 0	80
74 1	70
74 2	78
74 3	80
74 4	79
74 5	85
74 6	79
74 7	73
74 8	69
74 9	78
74 10	78
74 11	76
74 12	71
74 13	80
74 14	74
74 15	75
74 16	76
74 17	69
74 18	78
74 19	62
74 20	78
74 21	82
74 22	64
74 23	78
74 24	79
74 25	93
74 26	72
74 27	83
74 28	73
74 29	82
74 30	78
74 31	61
74 32	89
74 33	76
74 34	80
74 35	69
74 36	74
74 37	67
74 38	66
74 39	77
74 40	73
74 41	73
74 42	85
74 43	75
74 44	84
74 45	82
74 46	78
74 47	71
74 48	76
74 49	71
75 0	70
75 1	67
75 2	71
75 3	78
75 4	80
75 5	69
75 6	67
75 7	73
75 8	71
75 9	78
75 10	78
75 11	69
75 12	70
75 13	79
75 14	69
75 15	73
75 16	61
75 17	64
75 18	70
75 19	67
75 20	63
75 21	66
75 22	55
75 23	72
75 24	77
75 25	82
75 26	62
75 27	75
75 28	65
75 29	73
75 30	77
75 31	63
75 32	75
75 33	75
75 34	77
75 35	67
75 36	67
75 37	69
75 38	69
75 39	67
75 40	60
75 41	66
75 42	80
75 43	71
75 44	73
75 45	81
75 46	75
75 47	68
75 48	72
75 49	72
76 0	69
76 1	72
76 2	75
76 3	70
76 4	81
76 5	81
76 6	67
76 7	78
76 8	73
76 9	69
76 10	70
76 11	78
76 12	73
76 13	76
76 14	75
76 15	73
76 16	73
76 17	72
76 18	76
76 19	61
76 20	76
76 21	79
76 22	68
76 23	76
76 24	77
76 25	88
76 26	70
76 27	72
76 28	71
76 29	80
76 30	76
76 31	59
76 32	81
76 33	78
76 34	75
76 35	68
76 36	73
76 37	77
76 38	66
76 39	68
76 40	68
76 41	75
76 42	73
76 43	67
76 44	68
76 45	86
76 46	70
76 47	71
76 48	74
76 49	71
77 0	76
77 1	69
77 2	73
77 3	71
77 4	83
77 5	78
77 6	70
77 7	78
77 8	75
77 9	73
77 10	75
77 11	79
77 12	73
77 13	85
77 14	83
77 15	87
77 16	80
77 17	65
77 18	75
77 19	63
77 20	76
77 21	74
77 22	68
77 23	78
77 24	77
77 25	84
77 26	73
77 27	76
77 28	63
77 29	86
77 30	68
77 31	62
77 32	85
77 33	71
77 34	67
77 35	82
77 36	72
77 37	71
77 38	70
77 39	66
77 40	69
77 41	75
77 42	89
77 43	80
77 44	76
77 45	80
77 46	67
77 47	73
77 48	76
77 49	73
78 0	70
78 1	77
78 2	65
78 3	75
78 4	85
78 5	64
78 6	67
78 7	61
78 8	68
78 9	70
78 10	73
78 11	65
78 12	67
78 13	75
78 14	69
78 15	74
78 16	72
78 17	65
78 18	69
78 19	59
78 20	67
78 21	65
78 22	62
78 23	61
78 24	78
78 25	85
78 26	72
78 27	76
78 28	69
78 29	78
78 30	65
78 31	65
78 32	74
78 33	68
78 34	68
78 35	70
78 36	71
78 37	63
78 38	67
78 39	68
78 40	68
78 41	65
78 42	74
78 43	69
78 44	69
78 45	78
78 46	61
78 47	68
78 48	68
78 49	68
79 0	71
79 1	59
79 2	74
79 3	78
79 4	77
79 5	75
79 6	78
79 7	81
79 8	63
79 9	78
79 10	70
79 11	77
79 12	75
79 13	77
79 14	63
79 15	72
79 16	79
79 17	57
79 18	79
79 19	59
79 20	74
79 21	76
79 22	61
79 23	70
79 24	69
79 25	81
79 26	65
79 27	78
79 28	69
79 29	75
79 30	72
79 31	62
79 32	70
79 33	72
79 34	79
79 35	78
79 36	75
79 37	75
79 38	61
79 39	70
79 40	80
79 41	69
79 42	79
79 43	74
79 44	82
79 45	80
79 46	68
79 47	70
79 48	72
79 49	67
80 0	73
80 1	76
80 2	71
80 3	77
80 4	80
80 5	74
80 6	68
80 7	65
80 8	70
80 9	75
80 10	83
80 11	69
80 12	70
80 13	75
80 14	72
80 15	70
80 16	74
80 17	60
80 18	74
80 19	67
80 20	66
80 21	79
80 22	55
80 23	70
80 24	75
80 25	81
80 26	66
80 27	84
80 28	74
80 29	75
80 30	70
80 31	62
80 32	74
80 33	76
80 34	75
80 35	68
80 36	72
80 37	71
80 38	68
80 39	72
80 40	68
80 41	72
80 42	74
80 43	77
80 44	71
80 45	73
80 46	76
80 47	61
80 48	66
80 49	74
81 0	65
81 1	67
81 2	67
81 3	72
81 4	72
81 5	65
81 6	62
81 7	75
81 8	66
81 9	68
81 10	72
81 11	77
81 12	69
81 13	76
81 14	64
81 15	76
81 16	74
81 17	60
81 18	74
81 19	63
81 20	66
81 21	82
81 22	60
81 23	71
81 24	75
81 25	91
81 26	69
81 27	74
81 28	68
81 29	71
81 30	67
81 31	58
81 32	75
81 33	75
81 34	74
81 35	68
81 36	74
81 37	70
81 38	73
81 39	66
81 40	64
81 41	74
81 42	77
81 43	68
81 44	76
81 45	71
81 46	75
81 47	66
81 48	71
81 49	65
82 0	72
82 1	70
82 2	80
82 3	73
82 4	80
82 5	80
82 6	70
82 7	74
82 8	75
82 9	68
82 10	84
82 11	79
82 12	72
82 13	79
82 14	78
82 15	73
82 16	78
82 17	69
82 18	77
82 19	75
82 20	73
82 21	81
82 22	72
82 23	79
82 24	78
82 25	87
82 26	74
82 27	82
82 28	75
82 29	84
82 30	76
82 31	71
82 32	78
82 33	77
82 34	77
82 35	75
82 36	80
82 37	72
82 38	64
82 39	71
82 40	64
82 41	73
82 42	81
82 43	74
82 44	78
82 45	73
82 46	74
82 47	70
82 48	78
82 49	71
83 0	71
83 1	72
83 2	74
83 3	72
83 4	87
83 5	76
83 6	68
83 7	70
83 8	62
83 9	75
83 10	78
83 11	78
83 12	78
83 13	75
83 14	79
83 15	67
83 16	80
83 17	71
83 18	80
83 19	66
83 20	74
83 21	75
83 22	63
83 23	77
83 24	80
83 25	91
83 26	65
83 27	71
83 28	70
83 29	77
83 30	73
83 31	61
83 32	78
83 33	75
83 34	77
83 35	72
83 36	73
83 37	72
83 38	63
83 39	71
83 40	63
83 41	77
83 42	74
83 43	68
83 44	74
83 45	77
83 46	71
83 47	71
83 48	69
83 49	68
84 0	69
84 1	80
84 2	72
84 3	78
84 4	79
84 5	76
84 6	76
84 7	77
84 8	77
84 9	83
84 10	77
84 11	80
84 12	77
84 13	77
84 14	75
84 15	72
84 16	79
84 17	74
84 18	77
84 19	67
84 20	70
84 21	83
84 22	67
84 23	76
84 24	83
84 25	94
84 26	72
84 27	78
84 28	73
84 29	87
84 30	81
84 31	69
84 32	82
84 33	80
84 34	77
84 35	75
84 36	78
84 37	75
84 38	69
84 39	71
84 40	63
84 41	87
84 42	86
84 43	76
84 44	79
84 45	89
84 46	81
84 47	69
84 48	76
84 49	70
85 0	68
85 1	65
85 2	65
85 3	74
85 4	80
85 5	68
85 6	68
85 7	78
85 8	69
85 9	71
85 10	72
85 11	67
85 12	65
85 13	75
85 14	76
85 15	66
85 16	79
85 17	60
85 18	71
85 19	56
85 20	75
85 21	75
85 22	56
85 23	74
85 24	73
85 25	83
85 26	72
85 27	69
85 28	69
85 29	69
85 30	73
85 31	66
85 32	79
85 33	75
85 34	67
85 35	73
85 36	77
85 37	68
85 38	64
85 39	71
85 40	62
85 41	71
85 42	75
85 43	69
85 44	65
85 45	77
85 46	66
85 47	64
85 48	67
85 49	68
86 0	79
86 1	73
86 2	69
86 3	83
86 4	86
86 5	68
86 6	67
86 7	79
86 8	66
86 9	66
86 10	76
86 11	74
86 12	71
86 13	79
86 14	69
86 15	66
86 16	86
86 17	68
86 18	81
86 19	64
86 20	61
86 21	77
86 22	54
86 23	74
86 24	84
86 25	84
86 26	71
86 27	78
86 28	81
86 29	78
86 30	73
86 31	61
86 32	83
86 33	81
86 34	84
86 35	75
86 36	74
86 37	69
86 38	67
86 39	68
86 40	72
86 41	75
86 42	75
86 43	67
86 44	69
86 45	76
86 46	72
86 47	68
86 48	74
86 49	64
87 0	84
87 1	77
87 2	79
87 3	79
87 4	80
87 5	83
87 6	76
87 7	81
87 8	78
87 9	78
87 10	84
87 11	81
87 12	81
87 13	80
87 14	85
87 15	73
87 16	84
87 17	71
87 18	89
87 19	67
87 20	75
87 21	88
87 22	70
87 23	84
87 24	89
87 25	86
87 26	70
87 27	85
87 28	76
87 29	87
87 30	87
87 31	67
87 32	86
87 33	84
87 34	73
87 35	78
87 36	77
87 37	77
87 38	72
87 39	78
87 40	74
87 41	85
87 42	86
87 43	76
87 44	78
87 45	84
87 46	70
87 47	74
87 48	81
87 49	76
88 0	79
88 1	84
88 2	80
88 3	80
88 4	75
88 5	85
88 6	71
88 7	75
88 8	77
88 9	69
88 10	83
88 11	73
88 12	70
88 13	81
88 14	76
88 15	72
88 16	72
88 17	63
88 18	79
88 19	69
88 20	69
88 21	83
88 22	64
88 23	80
88 24	76
88 25	88
88 26	66
88 27	80
88 28	86
88 29	75
88 30	77
88 31	69
88 32	66
88 33	79
88 34	66
88 35	77
88 36	73
88 37	68
88 38	69
88 39	72
88 40	73
88 41	78
88 42	80
88 43	72
88 44	81
88 45	78
88 46	65
88 47	74
88 48	83
88 49	69
89 0	77
89 1	71
89 2	70
89 3	75
89 4	73
89 5	76
89 6	74
89 7	73
89 8	63
89 9	72
89 10	89
89 11	69
89 12	78
89 13	74
89 14	77
89 15	81
89 16	72
89 17	68
89 18	73
89 19	64
89 20	69
89 21	70
89 22	58
89 23	74
89 24	80
89 25	84
89 26	69
89 27	71
89 28	68
89 29	66
89 30	66
89 31	66
89 32	77
89 33	74
89 34	71
89 35	68
89 36	65
89 37	72
89 38	59
89 39	67
89 40	73
89 41	79
89 42	76
89 43	77
89 44	68
89 45	69
89 46	66
89 47	77
89 48	66
89 49	65
90 0	71
90 1	81
90 2	70
90 3	76
90 4	85
90 5	78
90 6	78
90 7	74
90 8	69
90 9	69
90 10	79
90 11	70
90 12	73
90 13	77
90 14	73
90 15	78
90 16	81
90 17	64
90 18	75
90 19	70
90 20	68
90 21	76
90 22	69
90 23	81
90 24	80
90 25	86
90 26	70
90 27	74
90 28	71
90 29	85
90 30	70
90 31	74
90 32	86
90 33	74
90 34	79
90 35	77
90 36	76
90 37	71
90 38	65
90 39	62
90 40	73
90 41	80
90 42	82
90 43	76
90 44	77
90 45	72
90 46	69
90 47	71
90 48	80
90 49	70
91 0	84
91 1	80
91 2	77
91 3	80
91 4	80
91 5	85
91 6	78
91 7	73
91 8	85
91 9	76
91 10	89
91 11	79
91 12	82
91 13	89
91 14	82
91 15	77
91 16	84
91 17	67
91 18	88
91 19	73
91 20	79
91 21	94
91 22	68
91 23	90
91 24	86
91 25	93
91 26	68
91 27	83
91 28	82
91 29	87
91 30	84
91 31	73
91 32	86
91 33	82
91 34	80
91 35	74
91 36	78
91 37	79
91 38	76
91 39	82
91 40	76
91 41	84
91 42	90
91 43	79
91 44	81
91 45	77
91 46	74
91 47	75
91 48	81
91 49	76
92 0	75
92 1	65
92 2	69
92 3	83
92 4	79
92 5	73
92 6	72
92 7	66
92 8	71
92 9	74
92 10	76
92 11	76
92 12	76
92 13	71
92 14	78
92 15	73
92 16	77
92 17	65
92 18	73
92 19	63
92 20	73
92 21	76
92 22	52
92 23	86
92 24	76
92 25	79
92 26	72
92 27	77
92 28	77
92 29	81
92 30	80
92 31	68
92 32	76
92 33	68
92 34	73
92 35	76
92 36	73
92 37	67
92 38	68
92 39	76
92 40	69
92 41	69
92 42	82
92 43	73
92 44	75
92 45	73
92 46	67
92 47	70
92 48	83
92 49	71
93 0	74
93 1	76
93 2	66
93 3	79
93 4	77
93 5	81
93 6	72
93 7	75
93 8	64
93 9	69
93 10	71
93 11	68
93 12	66
93 13	73
93 14	68
93 15	69
93 16	77
93 17	69
93 18	74
93 19	66
93 20	66
93 21	76
93 22	63
93 23	77
93 24	76
93 25	88
93 26	71
93 27	68
93 28	71
93 29	78
93 30	64
93 31	73
93 32	80
93 33	70
93 34	73
93 35	70
93 36	70
93 37	72
93 38	59
93 39	73
93 40	72
93 41	74
93 42	70
93 43	72
93 44	78
93 45	86
93 46	72
93 47	67
93 48	69
93 49	63
94 0	81
94 1	85
94 2	79
94 3	81
94 4	92
94 5	82
94 6	79
94 7	85
94 8	77
94 9	87
94 10	83
94 11	77
94 12	83
94 13	88
94 14	82
94 15	79
94 16	87
94 17	78
94 18	88
94 19	72
94 20	79
94 21	85
94 22	62
94 23	93
94 24	80
94 25	94
94 26	74
94 27	91
94 28	84
94 29	89
94 30	84
94 31	81
94 32	92
94 33	84
94 34	91
94 35	82
94 36	74
94 37	82
94 38	73
94 39	78
94 40	78
94 41	82
94 42	84
94 43	74
94 44	83
94 45	85
94 46	78
94 47	75
94 48	83
94 49	78
95 0	77
95 1	74
95 2	70
95 3	83
95 4	81
95 5	79
95 6	75
95 7	71
95 8	74
95 9	69
95 10	85
95 11	73
95 12	66
95 13	78
95 14	70
95 15	75
95 16	80
95 17	69
95 18	78
95 19	72
95 20	71
95 21	81
95 22	65
95 23	82
95 24	72
95 25	95
95 26	69
95 27	76
95 28	67
95 29	84
95 30	74
95 31	63
95 32	81
95 33	79
95 34	71
95 35	75
95 36	77
95 37	71
95 38	72
95 39	78
95 40	69
95 41	76
95 42	74
95 43	76
95 44	78
95 45	79
95 46	73
95 47	71
95 48	75
95 49	71
96 0	80
96 1	80
96 2	79
96 3	80
96 4	84
96 5	80
96 6	78
96 7	80
96 8	80
96 9	86
96 10	82
96 11	73
96 12	76
96 13	77
96 14	86
96 15	75
96 16	81
96 17	64
96 18	93
96 19	66
96 20	72
96 21	84
96 22	65
96 23	88
96 24	81
96 25	86
96 26	81
96 27	82
96 28	78
96 29	82
96 30	77
96 31	78
96 32	86
96 33	81
96 34	85
96 35	81
96 36	77
96 37	82
96 38	77
96 39	74
96 40	72
96 41	87
96 42	83
96 43	84
96 44	81
96 45	76
96 46	76
96 47	75
96 48	81
96 49	70
97 0	80
97 1	75
97 2	76
97 3	81
97 4	84
97 5	79
97 6	76
97 7	71
97 8	74
97 9	75
97 10	82
97 11	75
97 12	74
97 13	84
97 14	79
97 15	69
97 16	79
97 17	71
97 18	76
97 19	73
97 20	76
97 21	79
97 22	65
97 23	80
97 24	79
97 25	90
97 26	74
97 27	81
97 28	78
97 29	83
97 30	62
97 31	67
97 32	82
97 33	67
97 34	75
97 35	82
97 36	77
97 37	78
97 38	71
97 39	75
97 40	72
97 41	76
97 42	89
97 43	75
97 44	78
97 45	81
97 46	76
97 47	74
97 48	72
97 49	73
98 0	64
98 1	80
98 2	71
98 3	69
98 4	79
98 5	73
98 6	70
98 7	59
98 8	64
98 9	67
98 10	70
98 11	68
98 12	65
98 13	73
98 14	73
98 15	68
98 16	69
98 17	59
98 18	76
98 19	65
98 20	69
98 21	76
98 22	64
98 23	79
98 24	69
98 25	80
98 26	71
98 27	72
98 28	68
98 29	76
98 30	71
98 31	70
98 32	78
98 33	74
98 34	72
98 35	68
98 36	71
98 37	74
98 38	66
98 39	79
98 40	77
98 41	70
98 42	78
98 43	67
98 44	76
98 45	69
98 46	62
98 47	71
98 48	71
98 49	70
99 0	72
99 1	68
99 2	73
99 3	78
99 4	75
99 5	76
99 6	75
99 7	75
99 8	69
99 9	75
99 10	77
99 11	72
99 12	68
99 13	80
99 14	72
99 15	67
99 16	76
99 17	68
99 18	78
99 19	71
99 20	68
99 21	79
99 22	53
99 23	77
99 24	76
99 25	88
99 26	65
99 27	78
99 28	71
99 29	77
99 30	74
99 31	67
99 32	75
99 33	70
99 34	78
99 35	75
99 36	76
99 37	74
99 38	70
99 39	74
99 40	66
99 41	81
99 42	77
99 43	72
99 44	74
99 45	76
99 46	72
99 47	65
99 48	69
99 49	71
